car=100 simlen=100

ring_3uni_BO_80
[23. 19.]-1526.0
Ground truth
[20, 20] -1527

ring_5uni_BO_100
[16. 14.] -2057.0
ground truth
[15, 12] -2084


random_5uni_BO_100
[13. 16.]
-1649.0
[13, 15] -1661


random_3uni_BO_100
[32. 36.]
-790.0
[27, 33] -801

ring_3diff_BO_800
[ 9. 11. 41. 26. 53. 42.]
-1665.0

[31. 25. 33. 24. 55. 22.]
-1354.0
[26, 20] -1349 uni_schedule_ground_truth

ring_5diff_BO_1000
[59. 28. 46. 19.  9. 11. 34. 31. 19. 18.] -1701.0
[20, 17] -1779

ring_5diff_BO_1500
[13. 12. 11. 12. 14. 14. 16. 13. 23. 30.]
-2074.0
[21, 16] -2122

random_3diff_BO_1000
[56. 27. 40. 41.  2. 52.]
-1234.0
[31, 43] -1201

random_5diff_BO_1000
[59. 24. 14. 25. 40. 22. 32. 58. 12. 19.]
-1495.0
[16, 20] -1559
