uniform
[12.  7.]
-8021.0

distinct
[25. 44.  8. 10. 52. 58. 44. 33. 28.  8. 26. 27. 25.  8. 42. 59. 32. 28.
 53. 20. 37.  7. 18. 13. 29. 49. 39. 39. 13.  6. 21. 10. 24.  5. 31. 33.
 38. 50. 18. 14. 31. 42. 28. 30. 45. 35. 22. 59. 51. 22. 36. 13. 52. 21.
 22. 22. 20.  6. 25. 12. 17. 21. 44. 16. 36. 30.  6. 32. 30. 11.  8. 13.
  9. 36. 42. 31. 44. 59. 24. 35.]
-6620.0

preset, mode_num=2
[28. 19. 12. 16.  0.  1.  0.  1.  1.  1.  1.  1.  1.  1.  1.  1.  1.  0.
  0.  1.  1.  1.  1.  0.  0.  0.  0.  0.  0.  0.  0.  0.  0.  1.  0.  0.
  1.  0.  1.  1.  0.  0.  0.  1.]
-8240.0

preset, mode_num=5
[26. 32. 35. 32. 37. 28. 25. 23. 12. 16.  4.  4.  0.  4.  4.  4.  4.  0.
  0.  4.  0.  0.  4.  0.  4.  4.  4.  0.  0.  0.  0.  4.  4.  4.  4.  4.
  4.  0.  4.  4.  4.  4.  4.  4.  4.  4.  4.  0.  4.  0.]
-7571.0

forced_preset, mode_num=2
[3. 0. 1. 0. 1. 0. 1. 1. 1. 0. 0. 1. 1. 1. 1. 1. 1. 1. 1. 1. 1. 0. 1. 1.
 1. 1. 1. 1. 1. 1. 1. 1. 1. 0. 0. 1. 1. 1. 1. 1. 0.]
-8277.0

forced_preset, mode_num=5
[6. 3. 0. 4. 3. 1. 3. 3. 0. 3. 0. 3. 0. 1. 4. 3. 4. 1. 3. 0. 2. 1. 4. 3.
 2. 1. 2. 3. 1. 4. 2. 2. 4. 1. 2. 0. 0. 0. 0. 3. 1.]
-7184.0