uniform
[26. 12.]
-8094.0

distinct
[18.  8. 40. 43. 29.  8. 13.  7. 26. 28. 47. 21. 16.  2. 54. 21. 31. 21.
 17. 57. 43. 46. 31. 56. 49. 29. 44. 31. 55. 37. 20. 56. 49. 21. 21. 12.
 35. 35. 39.  8. 27. 58. 17. 33. 18. 19. 43. 57. 11. 34. 17. 24. 29. 25.
 22. 29. 11.  2. 50. 49. 23. 34. 28.  3. 10. 39. 47. 40. 24. 28. 59. 14.
 44. 14. 50. 34. 40. 36.  4. 20.]
-6825.0

preset, mode_num=2
[21. 43. 17. 19.  0.  0.  0.  0.  0.  0.  1.  0.  1.  0.  0.  0.  0.  1.
  1.  0.  1.  0.  0.  1.  0.  0.  0.  0.  0.  0.  0.  1.  1.  1.  1.  1.
  1.  1.  1.  1.  0.  0.  1.  0.]
-8165.0

preset, mode_num=5
[48. 38. 46. 40. 18. 14. 36. 40.  1. 16.  4.  0.  0.  4.  4.  0.  0.  0.
  4.  4.  4.  4.  0.  0.  0.  0.  0.  4.  4.  4.  4.  0.  4.  4.  4.  4.
  0.  4.  4.  4.  4.  0.  0.  0.  4.  4.  0.  0.  0.  4.]
-8305.0

forced_preset, mode_num=2
[9. 0. 1. 1. 1. 1. 1. 1. 1. 1. 0. 1. 1. 1. 1. 1. 0. 1. 1. 1. 1. 0. 1. 0.
 1. 1. 0. 1. 1. 1. 1. 1. 1. 1. 1. 0. 1. 1. 0. 1. 0.]
-8230.0

forced_preset, mode_num=5
[18.  0.  3.  3.  3.  4.  2.  1.  2.  4.  4.  4.  3.  1.  2.  3.  0.  2.
  1.  0.  3.  2.  4.  0.  0.  1.  2.  1.  3.  4.  1.  2.  4.  3.  0.  1.
  3.  0.  1.  4.  1.]
-6963.0